10411835
10500270
10515698
10518701
10521413
10522146
10528842
10529243
10529735
10532831
10535174
10542582
10544277
10544306
10545181
10545665
10546384
10546625
10547911
10548105
10548121
10548428
10548707
10549409
10551556
10552601
10552818
10555137
10555451
10556956
10557974
10558907
10559383
10560812
10561536
10563664
10564031
10564096
10565701
10566009
10567882
10568520
10569381
10570005
10572776
10574184
10574948
10576536
10576873
10577233
10577408
10577753
10579137
10579321
10581102
10581479
10582377
10583628
10584164
10586098
10587162
10588651
10589227
10589417
10589871
10593181
10593524
10594122
10596677
10597677
10598110
10862227
10877488
10898683
10906065
10906716
10907916
10922550
10926641
10939277
10941539
10947981
10950141
10955634
10959176
10979681
10982459
10983072
10986592
10987769
10988214
10993377
10993472
10996071
10999325
11004434
11004934
11009680
11011244
11020016
11021514
11022151
11023055
11025406
11028085
11031421
11032814
11033590
11039057
11040404
11042901
11047016
11050050
11050171
11051415
11051920
11054032
11058341
11061248
11064718
11071978
11082984
11083306
11083576
11085647
11094505
11094638
11096851
11097724
11100663
11104813
11113968
11114987
11115423
11115629
11116077
11118679
11120240
11125297
11125531
11127374
11131540
11132504
11132906
11133421
11137922
11138985
11139353
11140665
11142593
11146575
11147582
11150447
11151166
11153975
11156776
11162520
11163979
11165951
11169271
11170419
11171111
11172492
11173070
11174130
11174654
11176429
11179382
11179933
11185709
11186325
11186651
11188397
11190916
11191740
11191816
11191985
11192469
11192861
11193015
11193070
11195235
11195578
11197783
11197842
11198834
11199929
11200655
11206436
11207473
11213349
11213601
11215907
11217006
11217007
11217057
11218102
11219884
11219951
11220378
11222498
11222595
11228647
11232844
11233636
11233885
11234483
11235833
11237547
11237569
11238108
11238326
11238497
11239517
11241387
11241684
11241883
11242123
11243115
11243734
11244005
11244662
11245356
11246466
11249171
11249571
11252490
11253831
11254077
11255089
11256947
11258352
11258697
11259218
11260836
11261143
11261394
11263316
11265437
11266990
11267698
11268155
11268326
11268531
11270319
11272332
11274887
11275262
11276042
11276349
11276728
11277545
11278043
11278085
11278582
11278829
11279898
11280021
11280104
11281887
11282963
11284751
11289095
11290021
11290070
11290542
11291631
11292242
11293330
11295647
11295879
11297177
11297713
11298610
11300070
11302718
11303072
11304976
11306128
11306506
11306612
11307357
11311960
11312017
11312410
11313164
11313574
11315382
11316176
11318077
11318122
11320656
11322484
11322636
11323665
11323792
11323850
11327407
11327795
11327936
11328885
11330499
11332250
11332387
11333495
11333966
11334658
11335452
11342769
11343099
11345010
11345594
11346012
11347489
11350416
11350638
11350903
11351024
11353747
11354360
11355227
11355353
11355813
11355925
11356981
11357130
11359645
11360477
11361288
11362659
11363568
11364369
11367749
11368427
11368755
11368992
11369354
11369558
11370209
11372246
11372540
11373342
11374811
11376231
11377288
11378355
11379127
11379406
11380307
11380712
11381270
11383564
11383936
11384593
11384951
11385164
11387010
11387282
11388205
11388411
11388470
11388501
11389785
11390398
11392001
11392429
11392520
11393212
11393799
11393992
11396316
11397543
11397850
11400045
11402299
11403031
11403752
11404217
11404330
11404381
11404808
11405062
11405421
11408216
11408375
11408492
11408644
11409398
11409782
11410421
11410678
11410846
11411079
11412750
11412832
11413127
11413293
11415308
11415892
11416767
11416893
11420020
11421078
11421232
11421746
11422754
11423714
11423873
11425208
11425224
11427098
11427129
11427495
11429749
11431201
11431685
11432560
11435448
11436252
11437364
11438572
11440228
11444931
11447138
11448878
11450059
11450533
11450793
11451536
11452102
11454698
11456230
11456517
11456887
11456904
11456952
11457055
11457713
11459371
11459694
11459856
11459892
11460684
11461685
11462049
11463739
11463928
11464895
11466043
11467177
11468090
11468107
11468619
11468913
11469609
11469680
11470054
11470635
11471929
11474117
11475573
11476143
11477975
11479493
11479768
11480152
11482217
11482481
11482891
11483085
11483478
11483903
11486549
11487183
11488275
11488691
11489551
11489665
11491038
11491502
11491695
11492012
11494292
11495952
11496208
11496485
11498656
11499183
11499485
11502075
11502488
11503279
11503825
11505207
11506614
11508655
11513357
11513408
11513998
11514850
11516787
11517915
11517973
11518652
11521386
11522104
11522171
11522177
11522424
11523200
11523439
11524352
11524865
11525629
11526122
11526192
11526215
11527729
11528627
11528929
11529185
11531139
11531154
11531189
11531488
11532464
11534847
11535450
11536123
11536285
11536526
11538489
11538824
11539200
11539522
11540423
11541203
11543638
11545887
11547152
11547569
11547812
11548287
11549859
11550942
11551896
11552411
11553771
11554052
11554062
11554617
11554735
11554842
11555853
11555873
11556860
11557507
11558096
11560276
11560437
11560929
11561574
11561880
11564485
11564951
11565683
11566043
11569165
11570820
11571137
11571312
11576130
11576310
11576646
11578424
11581140
11581800
11582085
11583192
11585376
11587758
11588661
11588814
11589661
11589995
11590142
11590285
11591010
11591985
11592027
11592365
11592644
11593888
11594522
11595351
11596256
11597441
11599496
11601993
11602521
11602616
11606289
11607084
11607511
11608739
11608859
11609100
11610234
11610463
11610526
11610728
11611236
11611822
11613859
11614921
11616072
11616658
11616685
11616793
11617390
11617512
11617926
11618162
11618182
11618343
11618424
11619966
11620544
11620715
11622025
11622166
11623011
11623284
11623515
11623728
11624280
11624425
11624618
11624634
11624712
11625111
11625357
11626608
11627291
11627354
11627615
11627926
11628379
11628443
11629838
11630856
11632209
11632821
11634434
11635678
11638925
11639248
11640076
11640340
11640637
11640999
11644127
11645608
11646194
11647279
11647317
11647425
11648135
11652058
11652751
11654837
11655144
11655268
11660495
11661002
11663812
11665108
11667593
11670263
11670306
11670865
11672562
11672930
11673915
11673982
11674995
11675150
11675439
11676001
11676496
11677126
11677320
11677766
11677782
11678607
11678869
11679446
11679449
11680155
11680593
11680870
11680962
11681353
11681492
11681774
11681933
11683791
11684318
11685110
11685676
11685822
11685894
11685913
11686695
11686883
11687009
11688319
11688543
11689058
11689114
11689574
11689651
11689733
11690996
11691071
11691099
11692358
11693552
11693871
11694230
11694316
11695151
11695327
11696856
11697156
11697333
11697456
11697695
11697926
11699162
11699193
11702509
11703103
11704069
11704090
11704703
11704885
11706040
11706065
11706676
11710341
11710378
11711979
11713144
11713960
11714060
11714971
11715185
11716152
11716778
11717292
11718692
11718852
11718963
11719381
11719508
11719540
11719793
11721479
11721638
11722410
11722726
11724490
11725248
11726792
11728799
11728918
11731246
11731945
11731977
11732427
11732617
11734148
11734694
11735604
11735738
11736661
11736899
11736907
11737562
11740079
11740163
11740814
11740905
11740993
11741385
11741550
11741877
11741973
11742110
11742350
11743128
11743716
11744662
11745555
11745600
11746263
11746330
11746782
11748779
11749501
11750358
11751302
11752070
11752325
11753973
11754444
11755611
11755905
11755985
11756020
11756198
11756992
11757219
11757254
11757430
11759508
11759534
11759650
11760089
11761332
11761429
11762137
11762499
11762759
11764425
11764787
11765081
11766508
11766780
11767036
11767241
11767562
11768128
11769409
11769432
11769605
11769909
11771418
11772221
11772969
11774106
11774444
11775002
11775462
11775597
11775915
11776454
11777353
11779450
11779929
11780396
11781755
11782554
11783955
11785826
11786296
11786543
11786680
11787425
11787707
11788188
11790037
11790052
11790356
11792159
11792448
11793082
11793108
11793755
11794454
11794515
11795592
11796252
11798501
11799184
11799200
11799217
11799939
11800498
11801062
11806483
11808903
11809429
11809660
11812272
11813434
11814501
11814754
11815754
11817121
11817217
11817792
11818347
11818701
11820701
11820806
11820831
11821725
11821894
11822548
11823352
11823371
11823734
11825170
11825527
11825597
11825795
11826111
11826436
11826645
11827888
11828789
11829823
11830406
11830409
11830493
11830625
11831244
11833078
11833305
11833717
11833949
11834158
11836478
11837227
11837955
11838349
11839412
11841486
11843036
11843713
11844224
11844410
11844833
11846878
11847935
11848046
11848297
11848736
11849738
11849815
11850005
11850527
11850534
11851089
11851643
11851828
11852690
11852746
11853738
11854019
11854937
11855057
11855497
11857440
11857469
11857662
11858931
11859585
11860852
11860914
11861139
11861343
11861597
11861740
11861970
11863688
11865073
11865526
11866906
11870544
11871383
11872555
11873006
11873429
11873523
11874123
11874892
11876246
11876666
11877045
11877493
11878821
11879592
11880413
11881969
11882059
11883410
11884900
11885716
11888489
11888940
11892213
11893106
11893612
11896448
11896488
11897103
11899345
11900493
11900779
11902509
11905581
11906028
11906995
11908169
11908237
11908716
11910382
11911190
11911726
11912847
11913494
11914269
11915039
11916066
11917486
11918116
11918500
11918822
11919330
11919887
11920349
11920521
11920714
11922438
11922952
11923232
11925196
11925811
11928251
11928768
11928865
11931450
11931947
11931973
11932423
11933153
11935890
11936043
11937628
11937737
11938255
11938660
11938849
11941554
11942475
11943388
11943810
11944062
11944267
11944631
11944814
11944843
11945318
11945570
11945715
11947201
11947505
11948248
11949445
11949602
11949825
11950440
11950755
11951152
11951629
11954046
11955673
11956256
11957169
11957973
11958272
11959089
11959542
11960164
11960173
11960766
11961094
11961390
11961759
11961773
11962201
11962280
11962331
11962980
11963387
11964060
11964566
11965494
11965879
11965946
11966841
11966887
11967696
11968315
11970243
11971263
11971734
11972794
11973481
11973663
11973949
11974401
11975668
11975931
11976246
11977001
11977985
11978014
11980497
11980672
11982210
11983982
11985102
11987161
11989677
11992020
11993021
11993430
11994182
11995710
11996020
11997032
11997760
11998441
11998532
11999705
12001999
12002917
12003219
12003427
12004042
12004289
12004354
12004432
12004476
12004842
12005784
12006587
12006702
12007582
12008531
12009175
12011413
12011579
12011629
12011991
12012118
12012297
12012630
12012701
12012923
12013336
12014655
12015020
12017632
12018145
12019088
12019445
12020899
12021646
12022016
12023707
12024762
12025615
12025858
12028586
12029489
12030831
12033799
12033922
12034934
12035099
12035722
12035830
12036408
12036582
12036937
12037195
12037619
12037833
12039496
12040796
12041454
12041710
12041801
12046914
12048907
12051196
12051273
12053222
12053822
12054820
12055131
12056431
12057906
12057950
12057986
12058199
12058209
12058210
12058973
12060944
12060951
12062823
12063266
12064063
12064464
12064741
12065525
12066283
12067288
12068901
12071061
12072342
12073402
12073534
12075098
12075831
12076233
12077681
12079274
12080198
12082187
12084159
12084398
12085070
12085939
12087020
12087095
12087231
12087837
12088385
12088873
12089006
12089270
12089410
12089800
12090151
12091969
12092180
12096040
12096207
12096534
12096847
12097790
12097793
12100237
12101003
12102425
12103165
12103615
12105049
12105438
12106960
12107396
12107648
12109713
12110537
12112375
12112613
12112824
12115967
12116195
12116905
12118646
12121047
12121751
12123711
12124398
12125005
12125725
12125843
12126191
12126497
12126762
12127101
12128449
12129189
12129328
12129379
12129932
12130037
12130568
12130953
12131057
12131081
12131563
12131982
12132227
12132722
12132847
12133139
12133150
12133523
12135338
12135685
12135960
12136053
12139995
12140953
12142099
12142158
12142821
12144348
12144932
12145195
12145704
12146657
12147554
12148383
12149328
12154858
12157909
12157922
12158752
12159008
12161445
12161788
12163685
12163908
12164509
12165025
12165736
12166771
12167206
12168290
12168701
12170275
12170526
12170573
12170837
12171744
12172544
12173586
12174058
12174320
12179390
12179725
12180509
12181882
12181946
12182388
12182951
12183139
12183286
12184020
12184402
12186252
12187056
12189055
12189262
12189624
12189630
12192823
12192846
12193314
12193439
12195806
12196400
12198217
12198352
12199366
12202120
12202502
12202673
12203088
12203245
12203399
12204154
12205285
12206377
12207005
12207238
12207275
12209170
12210409
12211891
12212404
12215191
12215263
12218514
12218627
12218976
12220054
12221252
12226552
12226718
12226755
12227697
12227748
12228915
12231379
12232979
12233359
12235147
12237252
12238681
12238752
12239596
12240941
12241958
12242646
12243139
12243920
12244075
12244311
12245208
12245323
12246086
12246178
12246775
12247709
12247973
12249584
12249630
12252679
12253259
12253684
12253702
12253834
12254203
12254937
12255969
12256103
12256664
12257018
12258295
12261255
12262017
12263169
12263606
12263982
12264090
12264166
12264462
12264509
12266234
12266837
12266850
12267078
12267963
12268296
12268480
12268823
12269228
12269859
12270160
12272204
12273372
12273774
12274220
12275715
12276780
12279623
12280508
12281348
12282304
12283769
12287051
12287315
12287644
12287813
12288159
12290248
12290434
12290570
12290618
12291483
12291496
12293364
12294898
12295482
12297039
12298762
12299261
12299810
12299811
12301698
12303234
12304137
12305094
12308565
12308859
12311481
12312784
12312953
12313740
12313982
12315688
12316313
12316967
12317160
12318250
12319836
12320426
12320904
12321139
12321339
12322898
12326354
12328235
12329191
12330002
12330487
12330882
12331909
12332048
12332591
12332823
12333526
12333608
12333766
12334205
12334320
12335695
12335879
12336594
12337225
12339973
12340764
12343482
12343501
12343837
12343922
12344359
12344361
12346258
12347217
12347413
12347958
12348095
12348711
12349902
12350285
12350441
12350961
12351016
12353038
12354048
12354446
12354504
12355182
12355394
12355510
12355610
12356669
12357632
12358549
12359079
12359805
12360675
12361072
12361415
12361423
12362063
12362409
12365402
12365490
12365750
12366149
12366951
12367707
12367797
12368028
12368060
12371197
12371451
12372300
12372328
12373439
12373490
12373829
12374012
12374154
12375875
12376137
12376317
12376918
12377092
12377508
12378671
12379055
12380457
12381036
12381634
12386054
12386095
12386487
12387151
12388443
12388676
12390202
12391862
12392842
12393849
12394391
12395182
12395183
12395796
12396297
12396358
12397056
12397319
12398052
12399817
12401211
12401600
12403901
12404251
12406232
12406378
12406595
12406916
12407352
12407803
12408686
12408862
12409315
12410782
12411853
12412411
12413099
12413814
12413919
12415042
12415600
12416061
12416850
12418570
12419539
12419901
12421420
12422145
12422453
12422454
12422530
12422701
12424225
12426632
12427638
12427856
12428006
12428187
12429881
12429917
12430487
12431457
12431619
12432086
12432329
12432993
12433056
12433090
12433109
12433737
12434609
12434785
12435572
12436071
12436286
12436443
12437196
12437296
12438267
12439030
12439579
12440160
12440470
12440838
12441541
12442212
12443199
12443249
12444000
12444187
12445242
12447593
12448003
12450564
12451687
12452825
12452838
12452977
12452997
12454561
12456104
12458346
12459029
12459623
12460678
12460738
12461448
12461872
12463600
12464099
12464367
12465539
12465565
12466045
12466192
12466893
12467959
12468432
12468738
12469567
12470442
12471185
12471633
12472547
12472650
12473413
12474497
12475714
12477073
12477360
12477702
12478648
12480304
12481670
12482603
12482978
12483583
12484532
12484571
12485073
12487132
12487283
12487295
12488195
12489332
12490054
12490413
12491688
12491795
12491825
12492425
12492688
12493620
12494438
12494594
12496376
12497580
12498354
12498428
12498461
12500548
12500678
12500756
12501542
12502041
12502342
12502795
12503494
12503643
12507756
12509735
12510359
12511306
12511835
12512669
12514322
12514940
12515465
12516312
12516890
12518278
12518300
12518433
12518825
12519043
12519678
12519850
12520363
12520427
12520889
12520892
12520910
12521857
12521965
12522942
12524184
12524308
12524995
12525336
12525460
12525566
12525864
12525914
12526468
12530047
12531494
12531906
12532454
12533830
12534762
12536039
12536777
12540392
12541364
12541616
12543781
12543911
12544893
12545576
12545809
12546231
12546848
12547282
12547936
12548245
12549866
12550225
12551596
12553199
12553231
12554459
12554539
12554563
12555978
12556980
12558235
12558424
12559215
12559625
12560514
12561116
12562573
12562608
12564750
12567303
12569800
12570002
12570628
12570822
12570900
12572804
12573519
12573597
12577148
12577526
12578627
12579856
12579885
12582428
12582595
12582773
12587101
12587915
12590335
12590521
12590840
12592630
12593349
12593795
12594926
12595294
12595298
12595331
12596689
12597420
12597713
12597840
12598703
12599099
12600889
12600925
12601406
12602591
12602780
12603012
12603040
12605030
12607252
12607445
12607817
12608068
12608118
12608154
12608672
12608679
12608736
12609082
12609352
12609706
12609818
12610102
12610322
12610732
12612142
12612439
12613311
12613402
12613537
12613813
12614176
12614942
12616226
12616547
12617250
12617457
12617514
12617902
12618493
12619296
12620202
12620229
12621556
12622886
12623673
12623986
12625143
12625971
12626765
12627472
12628624
12629835
12630381
12630399
12631092
12631208
12632633
12633606
12633865
12634249
12634485
12634486
12635352
12635550
12635830
12636064
12636074
12636668
12636800
12637230
12637250
12639024
12640072
12640540
12641181
12641227
12641387
12641659
12641696
12642544
12643072
12644225
12644671
12645463
12646839
12646939
12647192
12647201
12648525
12650070
12650932
12651031
12651817
12652464
12652929
12653440
12653463
12653833
12654617
12655417
12661527
12661567
12661948
12662443
12662815
12664722
12667980
12668174
12668230
12668924
12668948
12669159
12669659
12669895
12671167
12674395
12674601
12675248
12675353
12676819
12678406
12678497
12680317
12681004
12685069
12685782
12686122
12691100
12691915
12693271
12694595
12695017
12695391
12695418
12695736
12696540
12697536
12698224
12699246
12699531
12700354
12700696
12700728
12701832
12702378
12702453
12702641
12703423
12703620
12703908
12705270
12705302
12705682
12705796
12707564
12707854
12707973
12708422
12710225
12711565
12714514
12714603
12715237
12716118
12716576
12716845
12718253
12719548
12720050
12720178
12721220
12721341
12721362
12721607
12722262
12723880
12724896
12725153
12727380
12727758
12727824
12727998
12728121
12729278
12729434
12729447
12729788
12729797
12730124
12730521
12733420
12733424
12734679
12735536
12736136
12736848
12736936
12737566
12738306
12738466
12739785
12740115
12740135
12740299
12740934
12742646
12743379
12743547
12743981
12744173
12744571
12744773
12745683
12746186
12746244
12747615
12747667
12747991
12748416
12748420
12748747
12749172
12749254
12749625
12749786
12750871
12750914
12751195
12752043
12752437
12752464
12752667
12752752
12752922
12753181
12753211
12753698
12753968
12754938
12755282
12757216
12757251
12757598
12757866
12758492
12758571
12758597
12758690
12759449
12760143
12761435
12762141
12762879
12763957
12764002
12764413
12765816
12768281
12768475
12769130
12769335
12769371
12769509
12769654
12769771
12770853
12771054
12771147
12771496
12771854
12772035
12772855
12773274
12774894
12775901
12775912
12776235
12776937
12777404
12777615
12777743
12778461
12780021
12780092
12780557
12780913
12781532
12782094
12782173
12782269
12782584
12783195
12783666
12784010
12784176
12784265
12784426
12784618
12784805
12785225
12786008
12786285
12786841
12786899
12786933
12787625
12787679
12787719
12788351
12788919
12788934
12789841
12789858
12790212
12791534
12791563
12791789
12792359
12793323
12794447
12794934
12795249
12795904
12796889
12797224
12798660
12799427
12800798
12800906
12801432
12801508
12802085
12803079
12803244
12804507
12804701
12806073
12806591
12806894
12807345
12807481
12807660
12808229
12808315
12808769
12808930
12809097
12809299
12810180
12811285
12811362
12811403
12811815
12812221
12812310
12812510
12812795
12812947
12813135
12813735
12814253
12814659
12815034
12815085
12815730
12816016
12816090
12816416
12816596
12816795
12817614
12817703
12817779
12817869
12818066
12818447
12820315
12821784
12822251
12822259
12823244
12823319
12825627
12825654
12825691
12825704
12825950
12826446
12826540
12826616
12826824
12827107
12827309
12827358
12827393
12827426
12828022
12828281
12828858
12828859
12828988
12829442
12829516
12830236
12830618
12830953
12830992
12831641
12833080
12833754
12835517
12835913
12836250
12836467
12836863
12838437
12838669
12839902
12840187
12840439
12840920
12841006
12841290
12842033
12842927
12842990
12844857
12844885
12845307
12845655
12846847
12846970
12849497
12849565
12849801
12849916
12850070
12850149
12850823
12851231
12851679
12852109
12852224
12852345
12852788
12853913
12854010
12854426
12854438
12854595
12855485
12855492
12855730
12856140
12856489
12857556
12858473
12859107
12860350
12860391
12860646
12861373
12861749
12861862
12862133
12862992
12864897
12865048
12865498
12865817
12866069
12866168
12866655
12866756
12866775
12867134
12867363
12868320
12868889
12869827
12869871
12870006
12870202
12870733
12872286
12873368
12876651
12877800
12878801
12879186
12879285
12879347
12879482
12879683
12880001
12880212
12880286
12880776
12880797
12880879
12881615
12881832
12881853
12882412
12883063
12883260
12883754
12883873
12883918
12885717
12885870
12886510
12886530
12886618
12887121
12887723
12887960
12888181
12888706
12889142
12889610
12889719
12889975
12890286
12890294
12890327
12890827
12891022
12891493
12893795
12893959
12894287
12894966
12895077
12895312
12895566
12895721
12895909
12897678
12898081
12898624
12900260
12900402
12900800
12901986
12902006
12902200
12902703
12903521
12903977
12904885
12905387
12906256
12906367
12906736
12906761
12906927
12906999
12907311
12907535
12907669
12907851
12908160
12908253
12908478
12908557
12908831
12909466
12909502
12909582
12910726
12911389
12911570
12912064
12912438
12912478
12913486
12913513
12913921
12914117
12915160
12915302
12915743
12916075
12916169
12916445
12917101
12917396
12917948
12918082
12918159
12918179
12920077
12920540
12921885
12923891
12925945
12926362
12926609
12927642
12928028
12928701
12932466
12933231
12934069
12934282
12934286
12934291
12934878
12935018
12936332
12937411
12937538
12937923
12938438
12938716
12939616
12939969
12940878
12941041
12941385
12941598
12941725
12942053
12942201
12943128
12943402
12944023
12944444
12944970
12945607
12945946
12946283
12947544
12948113
12948140
12948195
12948898
12949038
12949039
12949668
12949687
12951125
12951139
12951414
12951890
12953366
12953795
12953818
12953864
12954076
12954322
12954947
12955189
12955493
12956412
12956461
12956502
12956659
12956714
12956792
12957024
12957188
12957328
12957494
12957729
12959305
12960022
12960863
12960866
12961231
12961688
12962460
12963102
12963444
12964112
12964778
12965546
12966165
12966733
12967512
12967883
12968095
12969573
12969873
12970127
12970166
12970494
12970922
12971012
12971817
12972169
12972756
12974296
12974418
12974567
12974635
12976028
12976196
12976261
12976306
12977397
12977439
12977561
12978755
12978859
12979426
12979677
12979989
12980557
12980713
12981311
12982387
12982398
12982668
12982675
12982776
12982823
12983017
12983800
12984958
12985425
12985807
12987501
12988209
12988284
12988563
12988730
12989096
12989375
12990876
12991099
12991302
12991417
12991502
12992745
12992749
12992913
12993074
12993213
12994445
12994554
12994924
12995220
12995265
12996539
12996773
12996814
12996957
12998041
12999563
13000163
13000241
13000515
13000622
13000942
13001565
13001630
13001714
13001989
13002359
13002841
13003022
13003333
13003365
13003949
13004423
13004647
13004890
13004980
13005651
13005778
13005916
13006127
13006614
13007175
13008246
13008940
13010262
13011013
13013802
13013883
13014584
13015779
13015998
13016718
13016793
13016928
13017344
13017751
13018022
13018577
13018660
13019913
13021309
13022420
13022806
13024402
13025820
13026351
13028072
13028407
13028543
13028819
13030159
13030794
13032235
13032767
13032857
13032870
13032878
13033643
13034111
13035219
13035746
13036469
13036678
13036841
13037177
13037400
13038062
13038797
13038905
13040729
13041211
13042104
13042870
13043665
13044259
13044506
13045257
13045435
13045962
13046134
13046417
13046610
13046677
13046998
13047287
13047418
13048051
13048501
13049020
13050752
13051026
13051476
13051814
13051936
13054137
13054195
13054817
13055689
13056223
13056246
13056299
13056950
13057408
13057868
13058410
13058945
13059003
13060199
13061191
13061493
13061616
13062056
13062857
13064449
13065032
13066840
13068328
13068643
13068817
13069252
13070313
13072556
13072663
13073222
13073925
13074520
13074696
13076221
13076460
13076518
13076544
13076548
13077424
13077480
13077969
13079505
13080072
13080186
13080231
13080603
13080632
13080835
13080884
13081062
13081070
13081353
13081367
13081779
13082654
13083055
13083135
13083449
13084516
13085388
13086060
13086374
13086519
13086624
13087558
13087579
13087722
13088516
13088599
13089431
13089595
13091249
13091477
13092347
13092632
13093642
13094460
13094532
13094940
13094965
13096050
13096862
13097773
13097867
13097996
13098297
13098333
13098437
13098576
13099662
13099677
13099678
13100595
13100925
13101071
13101138
13101166
13101851
13102481
13102611
13102658
13102935
13102968
13103589
13103689
13104162
13106372
13106480
13106511
13106641
13107176
13107233
13108183
13109136
13109144
13109541
13109603
13110101
13110198
13111804
13112195
13112654
13113543
13113636
13113750
13114162
13114926
13115035
13115201
13115315
13116142
13116580
13116946
13118772
13119315
13120268
13120612
13121208
13121393
13121634
13121796
13121893
13121978
13122890
13122904
13122938
13123716
13124379
13124383
13124426
13125291
13125821
13126013
13126354
13126463
13126481
13127057
13127851
13127855
13128068
13128069
13128986
13129174
13129217
13129318
13129862
13130377
13130694
13130711
13130972
13131355
13131393
13132610
13132861
13133295
13133583
13133894
13135555
13136498
13136801
13138239
13138459
13138548
13139454
13139822
13139925
13140518
13140991
13141161
13142299
13142426
13142432
13142614
13142698
13143125
13143701
13143703
13144937
13145435
13146073
13146903
13147539
13148384
13150817
13151218
13152312
13152534
13152839
13152968
13153265
13153376
13153619
13154615
13155618
13155873
13156104
13156260
13156466
13156507
13156573
13157533
13157962
13158248
13158291
13159137
13160894
13160910
13161081
13162152
13162369
13163320
13163430
13163639
13163826
13163897
13164207
13164437
13164555
13166012
13166205
13167040
13167278
13168937
13169220
13169998
13170142
13170223
13170367
13170483
13170499
13170903
13171087
13171101
13171558
13171857
13171888
13172425
13173139
13173639
13173940
13175023
13175613
13175743
13176595
13176613
13176708
13177395
13177807
13177982
13178127
13178148
13179007
13179081
13179864
13179908
13180005
13180174
13180511
13180688
13180929
13181347
13181778
13182017
13182307
13182603
13183584
13184039
13184946
13185008
13185151
13185819
13186017
13186047
13187025
13187878
13188866
13189100
13189844
13189914
13190152
13190219
13190744
13191312
13193905
13194152
13194190
13195050
13196276
13196714
13196752
13196859
13196932
13196949
13196990
13197393
13197418
13198748
13198893
13199741
13201179
13201673
13201871
13202898
13203980
13205899
13206002
13207065
13207368
13207864
13208186
13208322
13208790
13209097
13209826
13210521
13210771
13211967
13212486
13214099
13214291
13215049
13215145
13215452
13215670
13215922
13216309
13217531
13217591
13217780
13217845
13218177
13218523
13218874
13219824
13221115
13222540
13222592
13223504
13225009
13225181
13226059
13226301
13226618
13227795
13228011
13228131
13228957
13229141
13229224
13230388
13230402
13230434
13230737
13231051
13231204
13231218
13231236
13231526
13232155
13232847
13233043
13234633
13235981
13236350
13237865
13238244
13238418
13238677
13238927
13239447
13239779
13239932
13240019
13241976
13242129
13242152
13242459
13242507
13242522
13243410
13244451
13244587
13244613
13244994
13245102
13245380
13246180
13246971
13247100
13247358
13247477
13248304
13248869
13249258
13249384
13249536
13249586
13249810
13250286
13250521
13251127
13251178
13251322
13251547
13251898
13251985
13251987
13252788
13253010
13253231
13253936
13254484
13255450
13256295
13256367
13256452
13256615
13257412
13258029
13260533
13260822
13261381
13261433
13262015
13262682
13262732
13262836
13263778
13265926
13266151
13266564
13266662
13267527
13269593
13269603
13269979
13270009
13270631
13270848
13271122
13271294
13273309
13273714
13274231
13274274
13274310
13274605
13274615
13274802
13274882
13275080
13275798
13275941
13276386
13276529
13276577
13276824
13277180
13277510
13277833
13278439
13278710
13279103
13279123
13281957
13282247
13282253
13282369
13282595
13283116
13283221
13283450
13283757
13283884
13283908
13284215
13284426
13284491
13284526
13284623
13284804
13286129
13286947
13287043
13287118
13287292
13287507
13287584
13287675
13288298
13288688
13288730
13289269
13289275
13290667
13291362
13292590
13292923
13293036
13295169
13295263
13296117
13296572
13297117
13297180
13297581
13299461
13299927
13300156
13301206
13301300
13301447
13302172
13302729
13304053
13304146
13304231
13304634
13305352
13305457
13305654
13306470
13307250
13307383
13307536
13307580
13309824
13310353
13310672
13311182
13312011
13312371
13312384
13313657
13314230
13315085
13315849
13316182
13316733
13316877
13317622
13318796
13318856
13319315
13319964
13320265
13320358
13320972
13321211
13321752
13322007
13322108
13322981
13323325
13323516
13323554
13323592
13323615
13323926
13325695
13325881
13326045
13326086
13328011
13328393
13329778
13330871
13330988
13331564
13332495
13333150
13333232
13333256
13333287
13333422
13333642
13333783
13335396
13335439
13335587
13335600
13335648
13335872
13336938
13337500
13338374
13338598
13339164
13339928
13341434
13341451
13341865
13343067
13343252
13343266
13343962
13344216
13344254
13344545
13344802
13346071
13346793
13347806
13347904
13348981
13349755
13350214
13350558
13351092
13352437
13352451
13352627
13353985
13355217
13355392
13355530
13356210
13356277
13358129
13358276
13358440
13359035
13359403
13359419
13359552
13360443
13361399
13361572
13362639
13362928
13362942
13362993
13363296
13363591
13363929
13364423
13365090
13365530
13366447
13367924
13368598
13368677
13368963
13370173
13370505
13370952
13371610
13371991
13373830
13374127
13374305
13374750
13374889
13375038
13375417
13376827
13376898
13377245
13377873
13378082
13378569
13379936
13380428
13381202
13382187
13382785
13382977
13383691
13383706
13384235
13384705
13385540
13385680
13386342
13387863
13388009
13389193
13389996
13390742
13390821
13391419
13392103
13392596
13392929
13393028
13393292
13393626
13393754
13394913
13396177
13396356
13397187
13397651
13399058
13399210
13399496
13400481
13401697
13401993
13402197
13402291
13404327
13404645
13404867
13404986
13405456
13405660
13405774
13406288
13406542
13406561
13406786
13406924
13407049
13407119
13407134
13407578
13407627
13407871
13408257
13408589
13408877
13409369
13409594
13410337
13410754
13410904
13411120
13411150
13411323
13411363
13412396
13412696
13412827
13412869
13412887
13413645
13414175
13414259
13415155
13415259
13415562
13416219
13416317
13416716
13417628
13417703
13418055
13418112
13418550
13418758
13419835
13421620
13422139
13423001
13423134
13423143
13423386
13423579
13424281
13424882
13425627
13426301
13427299
13427679
13427694
13427830
13427833
13428337
13428395
13428738
13428742
13430428
13431263
13431815
13431949
13432430
13432514
13432519
13432809
13433106
13433361
13433639
13435129
13435140
13435304
13435419
13435452
13436626
13436638
13437061
13438346
13438410
13438735
13438740
13439288
13440261
13441358
13441729
13442915
13443123
13444220
13444550
13444554
13444737
13444907
13445995
13446475
13446512
13447910
13448077
13448745
13449184
13449230
13449251
13449889
13450153
13451010
13452598
13453070
13453474
13453548
13454271
13454438
13454511
13454799
13454801
13454884
13455497
13455742
13455867
13456111
13456574
13457338
13457524
13457974
13458004
13458192
13458281
13458850
13459298
13459430
13459590
13459637
13459646
13459718
13460233
13460868
13460989
13461164
13463335
13463372
13463396
13463440
13463547
13464015
13465402
13465559
13466086
13467001
13467287
13467390
13467742
13467994
13468115
13468128
13468338
13468920
13469546
13469585
13469656
13470067
13470326
13470680
13470707
13470712
13470892
13471670
13472774
13474596
13474618
13474962
13475203
13475411
13475823
13475910
13477307
13480151
13480276
13480565
13480628
13480641
13481082
13481366
13481591
13481997
13482992
13483100
13483190
13484259
13484791
13484977
13486188
13486333
13486340
13486387
13487382
13487789
13488054
13489341
13489852
13490890
13491357
13491390
13491875
13492108
13492671
13493364
13494117
13494581
13494836
13495069
13495245
13495250
13495604
13495936
13495950
13495986
13497009
13497083
13497439
13498346
13498503
13498955
13499008
13499753
13501164
13501304
13503237
13504268
13505462
13505912
13506798
13508175
13508996
13510989
13511024
13511527
13511800
13511880
13512663
13513500
13513640
13513921
13514148
13514411
13515260
13515440
13515664
13516614
13516661
13517196
13517736
13517927
13518058
13518248
13518367
13519201
13519588
13520148
13521460
13521492
13521889
13522604
13522657
13522886
13523101
13523621
13524403
13524468
13525786
13527241
13527520
13528275
13529107
13529674
13530169
13530302
13530873
13531146
13531651
13532050
13532359
13532838
13532945
13532975
13533337
13534119
13534416
13534899
13535240
13535919
13536283
13536290
13536477
13536517
13536801
13537148
13537231
13537274
13537401
13537616
13537888
13538254
13539055
13539432
13540246
13541181
13542171
13542418
13542878
13542998
13543813
13543950
13545077
13545512
13547410
13547560
13548310
13548358
13549416
13549839
13549897
13550563
13551404
13551563
13551660
13551740
13553363
13553372
13553950
13554323
13555516
13555725
13555963
13556032
13557550
13558155
13559010
13559128
13559474
13560013
13560332
13560371
13560419
13561041
13562104
13562977
13563919
13565095
13565397
13565456
13565628
13565759
13566440
13566796
13567610
13568390
13569102
13569444
13570858
13571150
13571841
13572068
13572964
13574206
13574805
13575126
13575305
13575768
13575904
13576560
13576695
13577114
13578061
13579085
13579330
13580230
13580876
13582940
13584520
13584574
13584931
13585180
13585636
13586774
13587368
13587677
13588197
13589155
13589488
13590477
13591251
13591431
13591568
13592396
13592601
13592747
13593385
13593651
13593995
13594049
13595664
13596374
13596425
13597339
13597717
13597833
13597848
13598330
13598782
13599018
13599351
13599864
13599929
13600584
13600589
13600895
13601220
13601441
13601924
13602427
13603119
13603328
13603444
13603807
13604077
13604266
13604452
13604927
13606088
13607447
13608125
13609708
13611202
13611522
13611821
13612272
13612384
13613072
13613112
13613468
13613759
13613862
13614240
13614705
13614947
13615035
13615161
13616050
13616175
13616396
13616701
13616715
13617082
13617438
13618261
13618528
13618680
13618695
13620278
13620381
13620907
13621199
13622123
13622636
13623626
13623660
13624026
13624233
13624564
13624712
13625082
13625935
13626511
13626821
13627134
13627176
13627379
13627562
13627569
13628392
13629426
13629823
13630205
13630259
13630624
13630842
13630950
13631816
13631936
13631998
13632036
13632351
13632477
13632657
13632757
13632907
13634013
13634093
13634987
13635170
13635919
13636236
13636550
13637235
13639119
13639880
13639945
13640153
13640154
13641714
13641918
13642775
13643025
13643605
13644486
13645526
13645722
13646009
13646285
13646449
13646587
13646901
13647049
13647834
13648070
13648142
13649261
13649531
13650201
13650437
13651219
13651955
13651994
13652085
13652181
13652994
13653152
13653169
13653388
13654061
13654320
13655510
13655805
13656886
13657221
13657312
13657835
13657957
13659767
13660357
13661060
13661669
13661914
13663331
13663711
13663771
13665100
13665259
13665508
13666133
13666781
13667174
13667597
13668077
13669537
13669904
13669974
13670039
13670392
13670527
13670988
13671555
13672121
13672312
13673271
13673281
13673452
13673951
13675654
13676842
13677127
13677234
13677782
13677898
13679259
13679419
13679508
13680158
13680173
13680380
13680524
13681012
13681035
13681120
13681533
13682215
13682546
13683166
13683805
13683929
13685308
13685324
13686235
13686343
13688133
13688887
13688964
13689014
13689206
13689598
13689826
13690034
13690574
13692228
13692276
13692376
13692391
13692570
13692830
13693517
13694120
13695760
13696358
13697681
13699574
13699582
13700744
13701155
13701786
13703057
13703649
13704007
13704718
13704915
13705318
13705576
13705601
13706010
13706211
13708446
13708621
13708680
13710833
13710922
13711509
13712571
13712790
13714070
13714151
13715915
13717545
13718116
13718427
13718553
13718912
13719645
13719693
13720215
13720318
13720376
13720693
13721095
13721097
13721216
13721276
13721655
13721710
13722335
13723307
13723544
13723897
13723937
13724297
13725041
13725175
13726370
13726466
13726714
13727251
13727745
13727954
13728862
13729015
13729887
13729901
13730441
13730591
13730870
13731155
13731382
13731899
13732269
13733104
13733563
13733681
13733975
13734075
13734396
13734443
13734772
13735255
13735552
13735976
13737035
13737097
13737492
13737605
13738361
13739359
13739465
13740005
13740025
13740784
13742028
13742406
13742624
13742748
13742907
13743133
13743198
13743462
13744108
13744573
13744807
13744920
13745072
13745117
13745705
13746662
13748062
13748147
13748580
13749173
13749423
13749647
13750515
13750618
13750648
13750786
13751899
13751940
13752463
13752863
13753193
13753793
13754655
13754729
13754871
13755058
13755078
13755146
13755664
13756097
13756425
13757075
13757392
13758429
13760669
13761022
13761095
13761206
13761568
13762527
13763002
13763407
13764076
13764750
13765577
13766779
13767287
13768973
13769010
13769176
13769679
13770005
13770226
13770873
13771692
13772982
13773477
13773915
13774543
13774583
13774873
13775704
13776326
13776753
13777261
13777345
13777409
13777572
13778839
13779044
13779998
13780158
13780230
13780861
13781447
13782071
13783274
13783459
13783507
13783664
13783863
13783908
13784335
13785539
13785612
13786073
13786240
13786716
13787078
13787290
13787570
13787627
13788079
13788363
13788522
13789463
13790021
13790781
13791390
13792303
13792462
13793421
13793616
13794241
13794686
13795199
13795557
13795663
13795724
13795905
13796121
13796186
13796607
13796616
13796781
13797062
13797313
13797979
13798081
13798243
13798314
13799721
13800100
13801157
13801268
13801319
13801979
13802027
13802285
13803032
13803225
13803533
13803763
13804193
13804567
13804634
13804923
13805085
13805186
13805578
13805981
13808183
13808326
13808767
13810242
13810672
13810913
13811013
13812606
13812855
13813182
13814963
13815305
13815433
13816631
13816836
13817290
13818472
13819083
13819526
13819616
13820716
13821296
13821706
13821775
13822870
13825115
13825263
13826011
13826090
13826752
13826858
13827253
13827764
13828504
13828562
13828614
13828923
13828952
13829489
13829668
13830077
13830156
13831096
13831295
13831462
13831758
13832121
13832205
13832394
13832782
13833114
13833249
13834056
13834767
13834768
13835100
13835430
13836233
13836701
13837422
13837970
13838130
13838379
13838731
13839112
13839587
13839768
13839790
13840237
13840342
13840560
13840709
13841136
13841971
13842203
13842654
13842969
13843530
13844038
13846859
13847112
13847212
13847781
13848355
13848694
13849258
13849745
13850151
13852461
13853127
13853300
13854236
13854879
13855235
13855672
13856520
13856879
13857204
13858983
13859020
13859413
13859925
13861422
13861494
13862705
13863712
13864030
13864682
13866313
13866455
13866525
13866869
13867313
13867778
13869050
13869053
13869246
13869960
13870760
13871055
13871132
13871505
13871808
13872018
13872548
13872786
13873966
13874188
13874419
13875965
13876426
13876675
13876950
13876999
13877531
13878694
13878855
13879762
13880316
13881033
13881157
13882469
13882744
13884780
13884965
13885523
13885614
13887267
13887486
13888062
13888605
13888773
13889872
13890030
13891236
13891795
13891875
13891881
13892237
13892934
13893129
13893769
13893906
13895060
13895727
13896075
13896353
13897782
13897866
13898507
13900202
13900323
13900502
13900770
13901106
13901165
13901206
13902476
13902666
13902831
13903568
13903594
13904211
13905429
13905573
13905947
13906056
13906082
13906493
13906564
13906824
13906839
13907028
13907058
13907447
13908449
13908669
13908992
13909267
13909312
13909417
13909579
13909625
13910535
13910688
13910881
13911982
13912427
13912989
13913107
13913624
13913633
13914884
13914970
13915142
13915285
13915946
13916676
13916960
13917230
13918101
13918641
13919035
13920740
13921004
13921273
13921300
13922610
13923488
13923630
13924260
13924337
13924805
13924866
13924956
13925166
13925358
13925982
13926638
13926764
13927012
13927042
13927213
13927481
13927680
13927878
13928284
13928533
13928760
13928989
13929090
13929247
13930080
13931159
13931492
13931559
13932503
13932540
13932857
13933194
13934256
13934435
13934884
13935724
13936383
13936674
13936757
13937958
13938906
13939380
13939457
13940122
13941161
13941457
13943020
13943999
13944122
13945244
13945786
13946243
13946482
13946814
13946830
13947701
13948142
13948305
13948412
13948512
13949073
13949345
13949958
13950488
13951686
13951716
13951798
13952775
13952866
13953436
13953656
13954199
13954251
13956161
13956501
13956519
13956869
13957935
13959263
13959490
13959909
13960202
13960940
13961412
13961542
13962725
13963284
13963646
13963729
13963750
13963781
13964946
13966574
13966649
13966897
13966966
13967621
13967643
13967729
13968580
13969166
13969840
13970068
13970102
13970525
13971042
13971114
13971308
13971766
13971916
13972257
13972966
13972991
13974097
13974470
13974815
13974994
13976547
13977536
13978736
13978784
13979260
13980056
13980418
13982470
13983880
13984741
13985536
13986643
13988236
13989351
13990176
13990292
13991520
13991608
13992699
13992817
13993093
13993419
13994018
13994152
13994474
13994796
13995688
13995967
13997529
13997735
13999318
14000797
14001714
14002777
14002809
14003035
14004064
14005286
14005589
14006686
14008029
14009047
14009907
14009913
14010316
14010612
14010967
14011826
14012586
14013194
14013290
14013511
14013913
14014133
14014448
14015251
14015305
14015695
14015947
14016172
14017411
14017891
14020438
14020838
14021156
14022003
14022320
14022677
14022741
14022799
14023363
14023553
14023808
14025108
14025853
14027069
14027463
14027907
14029497
14029883
14030178
14030189
14030399
14030786
14031090
14031757
14031943
14033082
14033091
14033151
14034042
14036035
14036139
14037185
14037422
14037668
14038463
14038944
14039125
14039251
14040316
14041043
14041106
14041210
14041410
14041696
14041713
14041921
14042037
14043279
14043349
14043365
14043410
14043461
14043499
14044477
14044724
14045114
14045235
14045324
14045347
14045429
14046063
14046386
14046527
14046761
14049801
14049874
14050034
14050474
14050597
14051980
14052713
14053036
14053093
14053395
14054018
14054468
14054507
14055190
14057221
14057396
14057456
14057922
14058167
14058423
14059550
14059909
14060749
14060983
14061535
14061740
14062230
14062396
14062524
14063786
14063874
14064022
14064448
14064687
14065172
14065315
14065680
14066689
14066999
14068478
14068501
14068886
14069150
14070519
14072086
14072106
14072200
14072285
14073665
14074190
14074670
14075548
14075782
14076576
14077964
14078393
14079213
14079307
14080363
14082801
14082811
14083070
14083075
14083506
14083579
14084903
14085052
14085317
14085449
14085800
14087047
14087253
14087416
14087612
14087977
14088593
14089081
14089368
14090175
14090382
14090503
14090618
14090650
14092168
14092528
14092788
14093042
14094579
14094638
14094921
14095225
14095738
14096289
14096440
14096709
14097079
14097434
14097995
14097998
14098369
14098511
14098887
14099820
14101391
14101395
14101759
14101777
14102037
14102328
14103247
14104024
14104896
14105367
14105676
14106018
14106369
14106391
14106494
14107154
14107225
14107527
14107619
14107623
14109101
14109230
14109288
14110290
14110549
14110991
14111380
14111386
14112611
14114214
14116358
14117493
14117708
14122293
14122746
14122770
14123596
14123666
14123723
14124110
14125157
14125402
14127348
14127606
14127638
14127927
14128442
14129761
14129927
14130820
14131451
14131484
14131763
14132144
14132325
14132748
14132992
14133821
14133894
14134538
14134974
14135244
14136660
14137710
14137921
14138967
14139098
14139681
14139955
14141037
14143052
14143110
14143364
14143371
14145972
14146361
14146753
14147289
14148019
14148876
14149052
14149367
14149551
14149619
14150488
14150553
14151594
14151798
14152000
14152122
14152153
14152265
14153305
14153507
14154278
14154462
14154908
14155554
14155619
14156201
14156388
14156846
14157715
14157884
14158244
14158709
14159163
14159993
14160725
14160752
14161048
14161188
14161423
14161544
14162018
14162522
14163413
14164840
14165085
14166087
14166197
14166906
14167094
14167183
14167241
14167647
14168112
14168114
14168388
14168734
14169740
14170409
14170494
14171084
14171364
14171413
14172066
14172361
14173280
14173497
14175008
14175274
14175277
14175853
14176570
14176598
14177385
14177534
14178344
14178355
14178780
14179313
14179720
14179749
14180011
14180610
14181073
14181074
14181685
14181917
14181927
14182180
14182448
14183041
14183954
14184098
14184298
14184801
14185193
14185632
14186071
14186128
14187290
14187412
14187695
14187719
14187853
14189080
14189433
14189976
14190407
14190629
14190697
14192683
14193987
14194222
14194394
14194533
14195648
14198432
14198676
14198894
14199588
14199654
14200702
14201119
14201449
14202022
14202986
14203605
14203681
14203713
14203973
14204190
14205315
14205619
14207104
14207685
14207695
14208105
14208416
14208876
14210955
14211031
14211262
14211343
14211693
14212702
14212719
14212977
14213163
14214075
14214115
14214694
14214898
14217549
14219497
14220326
14221360
14221495
14221735
14222180
14223225
14223309
14223505
14223616
14225890
14226008
14227260
14229439
14229502
14229743
14229750
14229801
14230019
14230676
14231238
14231253
14231707
14231874
14232291
14232409
14232781
14233897
14234062
14234108
14234560
14235598
14236858
14237073
14237429
14239087
14239414
14240617
14240825
14240834
14240853
14241552
14241556
14241621
14242250
14243108
14243591
14244510
14244688
14244935
14245223
14245912
14246100
14246778
14246991
14247560
14247572
14247654
14247780
14249514
14250139
14250286
14251335
14251824
14252243
14254494
14254786
14254989
14257459
14258372
14258373
14259198
14259310
14259395
14260417
14262123
14263894
14264132
14264645
14264656
14264705
14265539
14265726
14266352
14267465
14268145
14268404
14268640
14268695
14271223
14271650
14271719
14272576
14272874
14272989
14274122
14275489
14275722
14275832
14276576
14278303
14279007
14279653
14279737
14280343
14280472
14281443
14281532
14281858
14282274
14283885
14284262
14284419
14285285
14285483
14285804
14285999
14286222
14286600
14286873
14286949
14287709
14288299
14289042
14289259
14291682
14294028
14294322
14294539
14294858
14294967
14296098
14296725
14298573
14299186
14299390
14299409
14299513
14300124
14300302
14300662
14301123
14304208
14304620
14304846
14305191
14306151
14306289
14307133
14307380
14307399
14307598
14308400
14308629
14308764
14308842
14308993
14311140
14311249
14312129
14312175
14312323
14312749
14313235
14313270
14313759
14315910
14316250
14317323
14318460
14318500
14319312
14319338
14319668
14320431
14320905
14321368
14323280
14323472
14324591
14324635
14326352
14326863
14327318
14327776
14327905
14329024
14329046
14329779
14330722
14330823
14331599
14331758
14331908
14332713
14334964
14335335
14335553
14335765
14336181
14336211
14336339
14336434
14336782
14336818
14337189
14342034
14342492
14343631
14344065
14344795
14345671
14345767
14346262
14347694
14352231
14352236
14353841
14354183
14354487
14354571
14355097
14356645
14357207
14357615
14357860
14358066
14358354
14358634
14359159
14359302
14359657
14359854
14361003
14362139
14362225
14362730
14362747
14362937
14362944
14363092
14363123
14364755
14364802
14364918
14365184
14366015
14366508
14367354
14367648
14367673
14368107
14368368
14368521
14368954
14369026
14370184
14370538
14371146
14371967
14372432
14373111
14374706
14374898
14377281
14377952
14381051
14381492
14382097
14382624
14382810
14383622
14383728
14383754
14384636
14385948
14385950
14387213
14387331
14387341
14388177
14388273
14388301
14388984
14389168
14391494
14392012
14396161
14396244
14397069
14397495
14397568
14399992
14400173
14400228
14400633
14400756
14400918
14401176
14402577
14402678
14403003
14404536
14404961
14406452
14406793
14408178
14409497
14413058
14413889
14413965
14415528
14416129
14416309
14416353
14418239
14420067
14421381
14421698
14422183
14422665
14423171
14423254
14423751
14424756
14425019
14426131
14426208
14427830
14428406
14429904
14430787
14435394
14436138
14437215
14438447
14439415
14439821
14439988
14440510
14440610
14440829
14441135
14441430
14443835
14444317
14444733
14445151
14445343
14445434
14446217
14446953
14447529
14447768
14448472
14448501
14449003
14449065
14449184
14449973
14450063
14450580
14450801
14452453
14452472
14453935
14454306
14454695
14455255
14455749
14455856
14456805
14458507
14458667
14459628
14459854
14460482
14461536
14462414
14462906
14463138
14463687
14466167
14466409
14466412
14466717
14467534
14467783
14467900
14468714
14468814
14469117
14469804
14469875
14469885
14470712
14470785
14470792
14472513
14472688
14473075
14473114
14473268
14474668
14476996
14477043
14478013
14478325
14479127
14479412
14481392
14481570
14481775
14482106
14482604
14483254
14483449
14483661
14484897
14484939
14485087
14485482
14485879
14486001
14486880
14486921
14487134
14487664
14488189
14489101
14489181
14489686
14489934
14490835
14491379
14491794
14491882
14493475
14493701
14493826
14494267
14494986
14495107
14495934
14497554
14498169
14498494
14499372
14499446
14500075
14501192
14501596
14502251
14502749
14503547
14503799
14504337
14504511
14504702
14504919
14505151
14505268
14506209
14507564
14507685
14508264
14509856
14509861
14510347
14510427
14510829
14510840
14511309
14511504
14512133
14512369
14512992
14513302
14513755
14513935
14514563
14514690
14515074
14515137
14515705
14516597
14518270
14518275
14519353
14519697
14519778
14520238
14520245
14521174
14521351
14521498
14521560
14522656
14522966
14523521
14523741
14523956
14524115
14525366
14525900
14527926
14528276
14529298
14529961
14530566
14531649
14533255
14533277
14533923
14534744
14534941
14536140
14537652
14538719
14538738
14539841
14540111
14540563
14540814
14541477
14542098
14542486
14542701
14542843
14543214
14543384
14545018
14545707
14546555
14547820
14547825
14548517
14548690
14548782
14548870
14549655
14550470
14550713
14551320
14551541
14551667
14551668
14552578
14552685
14553123
14553890
14554250
14554329
14555376
14556315
14556575
14556753
14556865
14556972
14558856
14559084
14561766
14562097
14562457
14563031
14563866
14564148
14564309
14566032
14566738
14567691
14568026
14568853
14569937
14570084
14572492
14574041
14575538
14576978
14577028
14577314
14577812
14580227
14580798
14580810
14580948
14582110
14583311
14584044
14584321
14584689
14585041
14585222
14586551
14586598
14587831
14588067
14589124
14589596
14590337
14590352
14591137
14592043
14592860
14593115
14593709
14593771
14593899
14594757
14595694
14596461
14596961
14597553
14597587
14598628
14599059
14599345
14599662
14599775
14600033
14600751
14601462
14602034
14605480
14606177
14606240
14607294
14607609
14607974
14608812
14610531
14610865
14611467
14612129
14613404
14613803
14614785
14616110
14616155
14616374
14616432
14616879
14618255
14619931
14620410
14620772
14621382
14622145
14622369
14622661
14623292
14624031
14624323
14624560
14624666
14625430
14625885
14626050
14628754
14629180
14630092
14630418
14630577
14630864
14631313
14631881
14633265
14633813
14634193
14634241
14634687
14635821
14636964
14638224
14638546
14639558
14641814
14643476
14643480
14644557
14644596
14645186
14645245
14645471
14646411
14648290
14649071
14649109
14649234
14650984
14651268
14651281
14652182
14652575
14654293
14654309
14654919
14656519
14659318
14659927
14660275
14660713
14660884
14661317
14662376
14662560
14662638
14663470
14663502
14665452
14666446
14669572
14669827
14670895
14672257
14673422
14673440
14674944
14674946
14675053
14676241
14676946
14678076
14678117
14678570
14679233
14680608
14681476
14681886
14682207
14682502
14682611
14682697
14683408
14683790
14684172
14685936
14686235
14687869
14688317
14689284
14692516
14693212
14693579
14693597
14694086
14695073
14695371
14695902
14696444
14696879
14697860
14698929
14699291
14700272
14700590
14701953
14702568
14703950
14704971
14705430
14706165
14706351
14706587
14706838
14706963
14707124
14708448
14709235
14710511
14712200
14713525
14713638
14714687
14714715
14716006
14717231
14719859
14720016
14720428
14720915
14721139
14721647
14722329
14723654
14724484
14724754
14725005
14725902
14729002
14729167
14729705
14729844
14730396
14730406
14730414
14731141
14731857
14733119
14733606
14733795
14734085
14735104
14735642
14738190
14738207
14740312
14741112
14742289
14743115
14745002
14745151
14745311
14745655
14745825
14745880
14747705
14747750
14748515
14749379
14749779
14752040
14752241
14753588
14754406
14754496
14754755
14755737
14755786
14756700
14759271
14760017
14761824
14763643
14764006
14764670
14764733
14765583
14767768
14768248
14768387
14769903
14771792
14773971
14774102
14774820
14775349
14775621
14776079
14776435
14777461
14777467
14778983
14780264
14780530
14781612
14781749
14782576
14783611
14783633
14783775
14784302
14784418
14784663
14785956
14787329
14787380
14788386
14788552
14789414
14791612
14792415
14792524
14794432
14795739
14796698
14798216
14798792
14801340
14802066
14802439
14802667
14805418
14806979
14807609
14808106
14809058
14810617
14812540
14812858
14814493
14814677
14815251
14815708
14816999
14818402
14819342
14819458
14820151
14820160
14820582
14820594
14821040
14822763
14823643
14824119
14824369
14825669
14827007
14827744
14828062
14828176
14829227
14829393
14830613
14831036
14833014
14833144
14836067
14836392
14837453
14839202
14841620
14841737
14842528
14843008
14843338
14845238
14845345
14845651
14846595
14847356
14847999
14848402
14849166
14849851
14851418
14851655
14851887
14851964
14852308
14853286
14853366
14854084
14854943
14855383
14855537
14858161
14858181
14860214
14860604
14861000
14861009
14863502
14863503
14864042
14865017
14865320
14865357
14865394
14867065
14867393
14868924
14869147
14869325
14869829
14869877
14870121
14870175
14870456
14871012
14871040
14871913
14873627
14874372
14875099
14876743
14877130
14878477
14879110
14879974
14881600
14884132
14885261
14886173
14886443
14888203
14888565
14888810
14889517
14889955
14890340
14890366
14890554
14890757
14890912
14891425
14891540
14892182
14892866
14893227
14893426
14893627
14894086
14895828
14896344
14897095
14897459
14898036
14898284
14899137
14899833
14900261
14900907
14901617
14902665
14903988
14905400
14905770
14906507
14907373
14907414
14907756
14908851
14909488
14909978
14910166
14911373
14911382
14912023
14912618
14913944
14915641
14917442
14917790
14917961
14918169
14918348
14919332
14921437
14921779
14921898
14922276
14923005
14923439
14923803
14923942
14924380
14925019
14925043
14925800
14925904
14925966
14926633
14927291
14927909
14928477
14929356
14930048
14930703
14931195
14932354
14932720
14932894
14933153
14933965
14935637
14935919
14936060
14937782
14937914
14938444
14938690
14938878
14939668
14940098
14941268
14943126
14943202
14945865
14947122
14947326
14947410
14947816
14947919
14948679
14948768
14949047
14949263
14949357
14951689
14953701
14953856
14955359
14957210
14957221
14957589
14958988
14959330
14959337
14959677
14961277
14962470
14962814
14964027
14964987
14965080
14967679
14968019
14968782
14969574
14970585
14971192
14971501
14971584
14974161
14974236
14975191
14977989
14978630
14978866
14979014
14979328
14980675
14980821
14980896
14982220
14982437
14982616
14984335
14985473
14988386
14988482
14988949
14990169
14990834
14991979
14992252
14993636
14994169
14995989
14996388
14996561
14996976
14997560
14998083
14998532
15000660
15001188
15002158
15002175
15002627
15004134
15004229
15004627
15004832
15005073
15006525
15006568
15006635
15006791
15007401
15007780
15007837
15008937
15009482
15010549
15010973
15011480
15011701
15011762
15013172
15013174
15015702
15016563
15018007
15019105
15019830
15021245
15021417
15021630
15022252
15024009
15024344
15024438
15026323
15026439
15027575
15028153
15028682
15028736
15029271
15029877
15029930
15030846
15031097
15031431
15033153
15034561
15035259
15035396
15036109
15036481
15037698
15038021
15038594
15039738
15040208
15040495
15041236
15041695
15042868
15043109
15044285
15045205
15045378
15045674
15046803
15046909
15047424
15047556
15048009
15048972
15052495
15053029
15053151
15053680
15053899
15054358
15054575
15057289
15057492
15057608
15057711
15058561
15059743
15060699
15061129
15061849
15062081
15062751
15062827
15064077
15065028
15065272
15068083
15068597
15068988
15069197
15069600
15070705
15070718
15070889
15071009
15073807
15073937
15074801
15075119
15076278
15076287
15078162
15079752
15079758
15079925
15084823
15085685
15089037
15089169
15089970
15090654
15092501
15093367
15094056
15094975
15095230
15095385
15095572
15096497
15097638
15098010
15099284
15099348
15099737
15099909
15101145
15102393
15102572
15103081
15103344
15103565
15103964
15104026
15106011
15107800
15109197
15109928
15110347
15110418
15110421
15112931
15112985
15114860
15115704
15116025
15116097
15116585
15117363
15117975
15118178
15120132
15123272
15125535
15125925
15126527
15126796
15127162
15127445
15129431
15129762
15130080
15131273
15131682
15132627
15132673
15133206
15134718
15135500
15135688
15135835
15137048
15137183
15137664
15138215
15138286
15140083
15143248
15143551
15144462
15144992
15146576
15146856
15148583
15150094
15151084
15151323
15151968
15154789
15156762
15157650
15157966
15158017
15158244
15158333
15158739
15159087
15160628
15160839
15162727
15163017
15163134
15163280
15164247
15164494
15164740
15164798
15165165
15165418
15165617
15167036
15167482
15167649
15167651
15167866
15168310
15168768
15169728
15170264
15170337
15170338
15170960
15171192
15172123
15173455
15173807
15175774
15176300
15178384
15181706
15182050
15183040
15184382
15184502
15184602
15188239
15189071
15189281
15189420
15190038
15191273
15193199
15194423
15194656
15195170
15197706
15198698
15198780
15199687
15200149
15202436
15203409
15203449
15204931
15205169
15205284
15205946
15206639
15208838
15209627
15210918
15213299
15213639
15215073
15215949
15219934
15220165
15220317
15220902
15221143
15221152
15223345
15224459
15224848
15226861
15228801
15229046
15231276
15231945
15232362
15234552
15235469
15236650
15238014
15239323
15239657
15241349
15241603
15243115
15243624
15244367
15244497
15247259
15247411
15248275
15248372
15251940
15253057
15253752
15253983
15254091
15254547
15254596
15254770
15256411
15257109
15258653
15259862
15261374
15261652
15262470
15262818
15263703
15263838
15263928
15264551
15268798
15268965
15269157
15270105
15271610
15273048
15273276
15274267
15275506
15276096
15277209
15278755
15278814
15280144
15281368
15281662
15282475
15283060
15283893
15285857
15288077
15289082
15291250
15291385
15291875
15292344
15293562
15294819
15297569
15298897
15299085
15299693
15300686
15301141
15301226
15301473
15301615
15302294
15302902
15303134
15304682
15305175
15305624
15306771
15307243
15307335
15307420
15309155
15311449
15311778
15312438
15312702
15314840
15316516
15317700
15318096
15318208
15319956
15320423
15323836
15324600
15326660
15327957
15330358
15332125
15333168
15334628
15335072
15336018
15336249
15336699
15336910
15336957
15339744
15344157
15344735
15345892
15346862
15346865
15347837
15348175
15348882
15349336
15349674
15350853
15352183
15355183
15355712
15355836
15358641
15359054
15359907
15361121
15361229
15361434
15362147
15364408
15365777
15366821
15367226
15367489
15367890
15368001
15368011
15368726
15368809
15369735
15370763
15371365
15372561
15374722
15375238
15376298
15377083
15378473
15378842
15380747
15381873
15383328
15384361
15384453
15385665
15387297
15387407
15387734
15388337
15388726
15389974
15391187
15395750
15396014
15396031
15396697
15398019
15398824
15399795
15403544
15405561
15405820
15408187
15408764
15408924
15408967
15410116
15410310
15413005
15413693
15416231
15416270
15416856
15418129
15418291
15418957
15421426
15421831
15421835
15422314
15425821
15426926
15427326
15431998
15432475
15432669
15433098
15434778
15435777
15436951
15437609
15438640
15439024
15440967
15442073
15443992
15445917
15446872
15446990
15447911
15449362
15449387
15453081
15454456
15454525
15454868
15457416
15458491
15458737
15461602
15461783
15462460
15465014
15466671
15468694
15469014
15469137
15471436
15475114
15476350
15477345
15477369
15479695
15479936
15480193
15480584
15480586
15481756
15484391
15484630
15485328
15485867
15485971
15486422
15487226
15488781
15494450
15495608
15496254
15496972
15498728
15499306
15500418
15500463
15500552
15501717
15504045
15506017
15508976
15509073
15511606
15511905
15513132
15514121
15515150
15515275
15515326
15516933
15516969
15518080
15519562
15521548
15522894
15523780
15523877
15524899
15529549
15531778
15534133
15534745
15535784
15537193
15538698
15539725
15541140
15541268
15542750
15543745
15543813
15543894
15545005
15545839
15546042
15546728
15549597
15549696
15549919
15550570
15550763
15553638
15554069
15556944
15559759
15560440
15561130
15564056
15564710
15568854
15569629
15571118
15574012
15575238
15575790
15577296
15578652
15581234
15581726
15582418
15582803
15583366
15585590
15586497
15588217
15588763
15591301
15591406
15592391
15593586
15593760
15594513
15594779
15596368
15596567
15597881
15598852
15604808
15605324
15606042
15607791
15611754
15613325
15615136
15616204
15616993
15617781
15618567
15621477
15621584
15621966
15623969
15625106
15626021
15627601
15628532
15629291
15630071
15630210
15630479
15631344
15631702
15637134
15639279
15641261
15641960
15642069
15643727
15646412
15646730
15647315
15648678
15649061
15649228
15651812
15653501
15654155
15654187
15654372
15655038
15655464
15655972
15657104
15661755
15662474
15663131
15664524
15665542
15668125
15669847
15670463
15670572
15670760
15674243
15674266
15674744
15675319
15678600
15680447
15680582
15680926
15681980
15682718
15682723
15683113
15684226
15684712
15685257
15685484
15690751
15696423
15697870
15700446
15702229
15702462
15702697
15704613
15706169
15706806
15707131
15709448
15710063
15710893
15711277
15711939
15713441
15713857
15715318
15715903
15716730
15717594
15719020
15727838
15728215
15730606
15731262
15732868
15737411
15741730
15742512
15751253
15751542
15752936
15753938
15755373
15757589
15758593
15760964
15761726
15764306
15766639
15768415
15771345
15773103
15773957
15783168
15785173
15785795
15786310
15788538
15789585
15789661
15790961
15792584
15793862
15795212
15800879
15803703
15804774
15806893
15807191
15808137
15808756
15808937
15811492
15811581
15811696
15812682
15813267
15813568
15814482
15816114
15817109
15817810
15819690
15821270
15823538
15825493
15825905
15826397
15828714
15830252
15830553
15830744
15830767
15831505
15832373
15832787
15833160
15837502
15838309
15839701
15842193
15843096
15843661
15843918
15845224
15846551
15849129
15850416
15853199
15854861
15855258
15855325
15855762
15855915
15862428
15864797
15866008
15873089
15873284
15873758
15875061
15877260
15877450
15879406
15880835
15884690
15884747
15885415
15885555
15885656
15888805
15890681
15891555
15894179
15896783
15897338
15898103
15900317
15900544
15901278
15904923
15906431
15908565
15914627
15915753
15920683
15922120
15922594
15925873
15932128
15935260
15939154
15940390
15945687
15948053
15949266
15950517
15951366
15952931
15955048
15956296
15958860
15960886
15961632
15961686
15963423
15966860
15968209
15969369
15970304
15972678
15973144
15973910
15973964
15974398
15981587
15983144
15986185
15986592
15993248
15993575
15999355
16000456
16000717
16001465
16002935
16005282
16007148
16009696
16011985
16013552
16015982
16016599
16016758
16020690
16021471
16024601
16024830
16025153
16025370
16026670
16027023
16027992
16028013
16029908
16030142
16032185
16033778
16034132
16034555
16037425
16043442
16043642
16043883
16045515
16045798
16047619
16048152
16048884
16050059
16053836
16058186
16059530
16061015
16061237
16062638
16064858
16065413
16069074
16069946
16072821
16072912
16075301
16075618
16082628
16082828
16091261
16093171
16097519
16100559
16102491
16105138
16109934
16110111
16115198
16117857
16120719
16122866
16126871
16128415
16129306
16132003
16132088
16136728
16137338
16142410
16143037
16147424
16153610
16155990
16156414
16161449
16163925
16165730
16165813
16166893
16170322
16172798
16176458
16177675
16178157
16178788
16179211
16179507
16180127
16181415
16189370
16195809
16197181
16200337
16203687
16207508
16211490
16211703
16217234
16218695
16219820
16221149
16223143
16223820
16228996
16230762
16233389
16234666
16234740
16237210
16237665
16239501
16242275
16242955
16252595
16254850
16256057
16256676
16258780
16265314
16267439
16270474
16270936
16271756
16276095
16278008
16288571
16295865
16308027
16312045
16312681
16315884
16316812
16322571
16322707
16327058
16346329
16354679
16354796
16361784
16372247
16377524
16378139
16381982
16385119
16389499
16392036
16395623
16403278
16405856
16410532
16411923
16415181
16415749
16416485
16423843
16425096
16427163
16427836
16429704
16430358
16433722
16435509
16439200
16439722
16447559
16455998
16459033
16460023
16465769
16466821
16467701
16472474
16477983
16485543
16491195
16491290
16500414
16505609
16507883
16512173
16512989
16516281
16519350
16519434
16520936
16522887
16523863
16536747
16542890
16547170
16548764
16556796
16560109
16560206
16566062
16568858
16574056
16574328
16575488
16585428
16591002
16598126
16644243
16656734
16669851
16685074
16687447
16705726
16707333
16716571
16721649
16726236
16743219
16757941
16774732
16784185
16796940
16805608
16819893
16822990
16831968
16832205
16853186
16859444
16859826
16871921
16873852
16910154
16953096
16960430
16987031
16993725
17051451
17070387
17144861
17325259
